<!DOCTYPE html>
<html>
<head>
<meta charset="utf-8"/>
<script src="lib/htmlwidgets-1.3/htmlwidgets.js"></script>
<script src="lib/plotly-binding-4.9.0/plotly.js"></script>
<script src="lib/typedarray-0.1/typedarray.min.js"></script>
<script src="lib/jquery-1.11.3/jquery.min.js"></script>
<link href="lib/crosstalk-1.0.1/css/crosstalk.css" rel="stylesheet" />
<script src="lib/crosstalk-1.0.1/js/crosstalk.min.js"></script>
<link href="lib/plotly-htmlwidgets-css-1.46.1/plotly-htmlwidgets.css" rel="stylesheet" />
<script src="lib/plotly-main-1.46.1/plotly-latest.min.js"></script>

</head>
<body style="background-color:white;">
<div id="htmlwidget-f2230ca565dee6edb158" style="width:100%;height:400px;" class="plotly html-widget"></div>
<script type="application/json" data-for="htmlwidget-f2230ca565dee6edb158">{"x":{"visdat":{"506146e871e1":["function () ","plotlyVisDat"]},"cur_data":"506146e871e1","attrs":{"506146e871e1":{"colors":"RdBu","alpha_stroke":1,"sizes":[10,100],"spans":[1,20],"z":{},"x":["mpg","cyl","disp","hp","drat","wt","qsec","vs","am","gear","carb"],"y":["mpg","cyl","disp","hp","drat","wt","qsec","vs","am","gear","carb"],"type":"heatmap","inherit":true}},"layout":{"margin":{"b":40,"l":60,"t":25,"r":10},"xaxis":{"domain":[0,1],"automargin":true,"title":[]},"yaxis":{"domain":[0,1],"automargin":true,"title":[]},"scene":{"zaxis":{"title":"round(cor(mtcars), 3)"}},"hovermode":"closest","showlegend":false,"legend":{"yanchor":"top","y":0.5}},"source":"A","config":{"showSendToCloud":false},"data":[{"colorbar":{"title":"round(cor(mtcars), 3)","ticklen":2,"len":0.5,"lenmode":"fraction","y":1,"yanchor":"top"},"colorscale":[["0","rgba(103,0,31,1)"],["0.0416666666666667","rgba(133,8,36,1)"],["0.0833333333333333","rgba(165,20,41,1)"],["0.125","rgba(187,47,51,1)"],["0.166666666666667","rgba(202,76,65,1)"],["0.208333333333333","rgba(217,102,81,1)"],["0.25","rgba(230,131,103,1)"],["0.291666666666667","rgba(242,159,125,1)"],["0.333333333333333","rgba(248,183,153,1)"],["0.375","rgba(252,205,181,1)"],["0.416666666666667","rgba(252,224,207,1)"],["0.458333333333333","rgba(250,235,227,1)"],["0.5","rgba(247,247,247,1)"],["0.541666666666667","rgba(231,239,244,1)"],["0.583333333333333","rgba(215,232,241,1)"],["0.625","rgba(194,221,236,1)"],["0.666666666666667","rgba(168,208,228,1)"],["0.708333333333333","rgba(140,193,220,1)"],["0.75","rgba(110,172,209,1)"],["0.791666666666667","rgba(75,151,197,1)"],["0.833333333333333","rgba(57,132,187,1)"],["0.875","rgba(43,113,178,1)"],["0.916666666666667","rgba(28,93,159,1)"],["0.958333333333333","rgba(17,70,127,1)"],["1","rgba(5,48,97,1)"]],"showscale":true,"z":[[1,-0.852,-0.848,-0.776,0.681,-0.868,0.419,0.664,0.6,0.48,-0.551],[-0.852,1,0.902,0.832,-0.7,0.782,-0.591,-0.811,-0.523,-0.493,0.527],[-0.848,0.902,1,0.791,-0.71,0.888,-0.434,-0.71,-0.591,-0.556,0.395],[-0.776,0.832,0.791,1,-0.449,0.659,-0.708,-0.723,-0.243,-0.126,0.75],[0.681,-0.7,-0.71,-0.449,1,-0.712,0.091,0.44,0.713,0.7,-0.091],[-0.868,0.782,0.888,0.659,-0.712,1,-0.175,-0.555,-0.692,-0.583,0.428],[0.419,-0.591,-0.434,-0.708,0.091,-0.175,1,0.745,-0.23,-0.213,-0.656],[0.664,-0.811,-0.71,-0.723,0.44,-0.555,0.745,1,0.168,0.206,-0.57],[0.6,-0.523,-0.591,-0.243,0.713,-0.692,-0.23,0.168,1,0.794,0.058],[0.48,-0.493,-0.556,-0.126,0.7,-0.583,-0.213,0.206,0.794,1,0.274],[-0.551,0.527,0.395,0.75,-0.091,0.428,-0.656,-0.57,0.058,0.274,1]],"x":["mpg","cyl","disp","hp","drat","wt","qsec","vs","am","gear","carb"],"y":["mpg","cyl","disp","hp","drat","wt","qsec","vs","am","gear","carb"],"type":"heatmap","xaxis":"x","yaxis":"y","frame":null}],"highlight":{"on":"plotly_click","persistent":false,"dynamic":false,"selectize":false,"opacityDim":0.2,"selected":{"opacity":1},"debounce":0},"shinyEvents":["plotly_hover","plotly_click","plotly_selected","plotly_relayout","plotly_brushed","plotly_brushing","plotly_clickannotation","plotly_doubleclick","plotly_deselect","plotly_afterplot"],"base_url":"https://plot.ly"},"evals":[],"jsHooks":{"render":[{"code":"\n    function(el) {\n      Plotly.d3.json('mtcars.json', function(mtcars) {\n        el.on('plotly_click', function(d) {\n          var x = d.points[0].x;\n          var y = d.points[0].y;\n          var trace = {\n            x: mtcars[x],\n            y: mtcars[y],\n            mode: 'markers'\n          };\n          Plotly.newPlot('filtered-plot', [trace]);\n        });\n      });\n    }\n","data":null}]}}</script>
<div id="filtered-plot"></div>
</body>
</html>
