<!DOCTYPE html>
<html>
<head>
<meta charset="utf-8"/>
<script src="lib/htmlwidgets-1.3/htmlwidgets.js"></script>
<script src="lib/plotly-binding-4.9.0/plotly.js"></script>
<script src="lib/typedarray-0.1/typedarray.min.js"></script>
<script src="lib/jquery-1.11.3/jquery.min.js"></script>
<link href="lib/crosstalk-1.0.1/css/crosstalk.css" rel="stylesheet" />
<script src="lib/crosstalk-1.0.1/js/crosstalk.min.js"></script>
<link href="lib/plotly-htmlwidgets-css-1.46.1/plotly-htmlwidgets.css" rel="stylesheet" />
<script src="lib/plotly-main-1.46.1/plotly-latest.min.js"></script>
  <title>plotly</title>
</head>
<body style="background-color:white;">
<div id="htmlwidget_container">
  <div id="htmlwidget-81be997770ad3b2101b6" style="width:100%;height:400px;" class="plotly html-widget"></div>
</div>
<script type="application/json" data-for="htmlwidget-81be997770ad3b2101b6">{"x":{"visdat":{"1428133738e7":["function () ","plotlyVisDat"]},"cur_data":"1428133738e7","attrs":{"1428133738e7":{"x":["carat","depth","table","price","x","y","z"],"y":["carat","depth","table","price","x","y","z"],"z":[[1,0.0282243142790482,0.181617546515244,0.921591301193477,0.975094226726421,0.951722199012981,0.953387380561419],[0.0282243142790482,1,-0.295778521526582,-0.010647404584143,-0.0252892469789484,-0.0293406707036101,0.0949238823953071],[0.181617546515244,-0.295778521526582,1,0.127133902121742,0.19534428095551,0.18376014711636,0.150928691564805],[0.921591301193477,-0.010647404584143,0.127133902121742,1,0.884435161016127,0.865420897864187,0.861249443851448],[0.975094226726421,-0.0252892469789484,0.19534428095551,0.884435161016127,1,0.974701479670349,0.970771798577462],[0.951722199012981,-0.0293406707036101,0.18376014711636,0.865420897864187,0.974701479670349,1,0.952005716156274],[0.953387380561419,0.0949238823953071,0.150928691564805,0.861249443851448,0.970771798577462,0.952005716156274,1]],"colors":"RdBu","alpha_stroke":1,"sizes":[10,100],"spans":[1,20],"type":"heatmap","inherit":true}},"layout":{"margin":{"b":40,"l":60,"t":25,"r":10},"xaxis":{"domain":[0,1],"automargin":true,"title":[]},"yaxis":{"domain":[0,1],"automargin":true,"title":[]},"scene":{"zaxis":{"title":[]}},"hovermode":"closest","showlegend":false,"legend":{"yanchor":"top","y":0.5}},"source":"A","config":{"showSendToCloud":false},"data":[{"colorbar":{"title":"","ticklen":2,"len":0.5,"lenmode":"fraction","y":1,"yanchor":"top"},"colorscale":[["0","rgba(103,0,31,1)"],["0.0416666666666667","rgba(133,8,36,1)"],["0.0833333333333333","rgba(165,20,41,1)"],["0.125","rgba(187,47,51,1)"],["0.166666666666667","rgba(202,76,65,1)"],["0.208333333333333","rgba(217,102,81,1)"],["0.25","rgba(230,131,103,1)"],["0.291666666666667","rgba(242,159,125,1)"],["0.333333333333333","rgba(248,183,153,1)"],["0.375","rgba(252,205,181,1)"],["0.416666666666667","rgba(252,224,207,1)"],["0.458333333333333","rgba(250,235,227,1)"],["0.5","rgba(247,247,247,1)"],["0.541666666666667","rgba(231,239,244,1)"],["0.583333333333333","rgba(215,232,241,1)"],["0.625","rgba(194,221,236,1)"],["0.666666666666667","rgba(168,208,228,1)"],["0.708333333333333","rgba(140,193,220,1)"],["0.75","rgba(110,172,209,1)"],["0.791666666666667","rgba(75,151,197,1)"],["0.833333333333333","rgba(57,132,187,1)"],["0.875","rgba(43,113,178,1)"],["0.916666666666667","rgba(28,93,159,1)"],["0.958333333333333","rgba(17,70,127,1)"],["1","rgba(5,48,97,1)"]],"showscale":true,"x":["carat","depth","table","price","x","y","z"],"y":["carat","depth","table","price","x","y","z"],"z":[[1,0.0282243142790482,0.181617546515244,0.921591301193477,0.975094226726421,0.951722199012981,0.953387380561419],[0.0282243142790482,1,-0.295778521526582,-0.010647404584143,-0.0252892469789484,-0.0293406707036101,0.0949238823953071],[0.181617546515244,-0.295778521526582,1,0.127133902121742,0.19534428095551,0.18376014711636,0.150928691564805],[0.921591301193477,-0.010647404584143,0.127133902121742,1,0.884435161016127,0.865420897864187,0.861249443851448],[0.975094226726421,-0.0252892469789484,0.19534428095551,0.884435161016127,1,0.974701479670349,0.970771798577462],[0.951722199012981,-0.0293406707036101,0.18376014711636,0.865420897864187,0.974701479670349,1,0.952005716156274],[0.953387380561419,0.0949238823953071,0.150928691564805,0.861249443851448,0.970771798577462,0.952005716156274,1]],"type":"heatmap","xaxis":"x","yaxis":"y","frame":null,"zmin":-1,"zmax":1}],"highlight":{"on":"plotly_click","persistent":false,"dynamic":false,"selectize":false,"opacityDim":0.2,"selected":{"opacity":1},"debounce":0},"shinyEvents":["plotly_hover","plotly_click","plotly_selected","plotly_relayout","plotly_brushed","plotly_brushing","plotly_clickannotation","plotly_doubleclick","plotly_deselect","plotly_afterplot"],"base_url":"https://plot.ly"},"evals":[],"jsHooks":[]}</script>
<script type="application/htmlwidget-sizing" data-for="htmlwidget-81be997770ad3b2101b6">{"viewer":{"width":"100%","height":400,"padding":15,"fill":true},"browser":{"width":"100%","height":400,"padding":40,"fill":true}}</script>
</body>
</html>
